        0.0000000000000000       49.0000000000000000       26.0000000000000000       54.0000000000000000       35.0000000000000000       50.0000000000000000       36.0000000000000000       63.0000000000000000       55.0000000000000000       69.0000000000000000       71.0000000000000000       72.0000000000000000       75.0000000000000000
       49.0000000000000000        0.0000000000000000       54.0000000000000000       16.0000000000000000       35.0000000000000000       25.0000000000000000       48.0000000000000000       26.0000000000000000       58.0000000000000000       53.0000000000000000       67.0000000000000000       78.0000000000000000       65.0000000000000000
       26.0000000000000000       54.0000000000000000        0.0000000000000000       50.0000000000000000       22.0000000000000000       41.0000000000000000       14.0000000000000000       55.0000000000000000       30.0000000000000000       50.0000000000000000       48.0000000000000000       46.0000000000000000       53.0000000000000000
       54.0000000000000000       16.0000000000000000       50.0000000000000000        0.0000000000000000       28.0000000000000000       12.0000000000000000       41.0000000000000000       11.0000000000000000       46.0000000000000000       38.0000000000000000       53.0000000000000000       65.0000000000000000       50.0000000000000000
       35.0000000000000000       35.0000000000000000       22.0000000000000000       28.0000000000000000        0.0000000000000000       18.0000000000000000       13.0000000000000000       33.0000000000000000       26.0000000000000000       34.0000000000000000       40.0000000000000000       47.0000000000000000       42.0000000000000000
       50.0000000000000000       25.0000000000000000       41.0000000000000000       12.0000000000000000       18.0000000000000000        0.0000000000000000       30.0000000000000000       15.0000000000000000       34.0000000000000000       29.0000000000000000       42.0000000000000000       54.0000000000000000       40.0000000000000000
       36.0000000000000000       48.0000000000000000       14.0000000000000000       41.0000000000000000       13.0000000000000000       30.0000000000000000        0.0000000000000000       44.0000000000000000       18.0000000000000000       35.0000000000000000       35.0000000000000000       37.0000000000000000       39.0000000000000000
       63.0000000000000000       26.0000000000000000       55.0000000000000000       11.0000000000000000       33.0000000000000000       15.0000000000000000       44.0000000000000000        0.0000000000000000       45.0000000000000000       31.0000000000000000       48.0000000000000000       62.0000000000000000       44.0000000000000000
       55.0000000000000000       58.0000000000000000       30.0000000000000000       46.0000000000000000       26.0000000000000000       34.0000000000000000       18.0000000000000000       45.0000000000000000        0.0000000000000000       23.0000000000000000       17.0000000000000000       21.0000000000000000       23.0000000000000000
       69.0000000000000000       53.0000000000000000       50.0000000000000000       38.0000000000000000       34.0000000000000000       29.0000000000000000       35.0000000000000000       31.0000000000000000       23.0000000000000000        0.0000000000000000       18.0000000000000000       34.0000000000000000       13.0000000000000000
       71.0000000000000000       67.0000000000000000       48.0000000000000000       53.0000000000000000       40.0000000000000000       42.0000000000000000       35.0000000000000000       48.0000000000000000       17.0000000000000000       18.0000000000000000        0.0000000000000000       16.0000000000000000        8.0000000000000000
       72.0000000000000000       78.0000000000000000       46.0000000000000000       65.0000000000000000       47.0000000000000000       54.0000000000000000       37.0000000000000000       62.0000000000000000       21.0000000000000000       34.0000000000000000       16.0000000000000000        0.0000000000000000       24.0000000000000000
       75.0000000000000000       65.0000000000000000       53.0000000000000000       50.0000000000000000       42.0000000000000000       40.0000000000000000       39.0000000000000000       44.0000000000000000       23.0000000000000000       13.0000000000000000        8.0000000000000000       24.0000000000000000        0.0000000000000000
